+1
140733352886762
0
140733352886770
140733352886781
140733352886802
140733352886825
140733352886843
140733352886892
140733352886916
140733352886938
140733352886988
140733352887008
140733352887025
140733352887041
140733352887076
140733352887094
140733352887117
140733352887185
140733352887208
140733352887253
140733352887264
140733352888680
140733352888705
140733352888724
140733352888782
140733352888834
140733352888875
140733352888926
140733352888994
140733352889017
140733352889189
140733352889207
140733352889240
140733352889270
140733352889291
140733352889349
140733352889367
140733352889387
140733352889422
140733352889441
140733352889458
140733352889473
140733352889527
140733352889554
140733352889583
140733352889601
140733352889619
140733352889645
140733352889676
140733352889684
140733352889701
140733352889716
140733352889731
140733352889775
140733352889793
140733352889825
140733352889852
140733352889866
140733352889926
140733352890028
140733352890046
140733352890078
140733352890093
140733352890127
140733352890158
140733352890169
140733352890195
140733352890214
140733352890248
140733352890268
140733352890288
140733352890323
140733352890342
0
33
140733354098688
16
3219913727
6
4096
17
100
3
4194368
4
56
5
2
7
0
8
0
9
4195018
11
1000
12
1000
13
1000
14
1000
23
0
25
140733352882425
26
0
31
140733352890352
15
140733352882441
0
0
3393401699465088512
4773204247169400312
14696481348417741
0
0
0
0
0
0
0
0
0
0
0
0
0
0
0
0
0
0
0
0
0
0
0
0
0
0
0
0
0
0
0
0
0
0
0
0
0
0
0
0
0
0
0
0
0
0
0
0
0
0
0
0
0
0
0
0
0
0
0
0
0
0
0
0
0
0
0
0
0
0
0
0
0
0
0
0
0
0
0
0
0
0
0
0
0
0
0
0
0
0
0
0
0
0
0
0
0
0
0
0
0
0
0
0
0
0
0
0
0
0
0
0
0
0
0
0
0
0
0
0
0
0
0
0
0
0
0
0
0
0
0
0
0
0
0
0
0
0
0
0
0
0
0
0
0
0
0
0
0
0
0
0
0
0
0
0
0
0
0
0
0
0
0
0
0
0
0
0
0
0
0
0
0
0
0
0
0
0
0
0
0
0
0
0
0
0
0
0
0
0
0
0
0
0
0
0
0
0
0
0
0
0
0
0
0
0
0
0
0
0
0
0
0
0
0
0
0
0
0
0
0
0
0
0
0
0
0
0
0
0
0
0
0
0
0
0
0
0
0
0
0
0
0
0
0
0
0
0
0
0
0
0
0
0
0
0
0
0
0
0
0
0
0
0
0
0
0
0
0
0
0
0
0
0
0
0
0
0
0
0
0
0
0
0
0
0
0
0
0
0
0
0
0
0
0
0
0
0
0
0
0
0
0
0
0
0
0
0
0
0
0
0
0
0
0
0
0
0
0
0
0
0
0
0
0
0
0
0
0
0
0
0
0
0
0
0
0
0
0
0
0
0
0
0
0
0
0
0
0
0
0
0
0
0
0
0
0
0
0
0
0
0
0
0
0
0
0
0
0
0
0
0
0
0
0
0
0
0
0
0
0
0
0
0
0
0
0
0
0
0
0
0
0
0
0
0
0
0
0
0
0
0
0
0
0
0
0
0
0
0
0
0
0
0
0
0
0
0
0
0
0
0
0
0
0
0
0
0
0
0
0
0
0
0
0
0
0
0
0
0
0
0
0
0
0
0
0
0
0
0
0
0
0
0
0
0
0
0
0
0
0
0
0
0
0
0
0
0
0
0
0
0
0
0
0
0
0
0
0
0
0
0
0
0
0
0
0
0
0
0
0
0
0
0
0
0
0
0
0
0
0
0
0
0
0
0
0
0
0
0
0
0
0
0
0
0
0
0
0
0
0
0
0
0
0
0
0
0
0
0
0
0
0
0
0
0
0
0
0
8462033219790700544
6077149506876997748
6864413820853244494
8462894073342083408
3262387704902799967
4919128570402177080
6878529613594838354
4047968968096240978
6000293747223713792
4414734208414468435
5142907658340151907
4926746975086658898
4418674742408598593
7091318039309809199
7882553239565593647
7023697189471872045
5575248857412300651
4420654949781032527
6076814216195437938
6076847122856553798
5575259841235141972
7599891739030406223
5134489810073223277
5712339254404992581
8732309723189620541
7955378048158624609
8099493389661597813
4212112933303430503
5571591916093520432
3615666413944207421
32210658860938805
6003937490506175574
3832618482840522569
3403960783825556224
7526466476596685154
6146931133773009152
6004218883408486232
6870615380319617609
5719381694597254209
4921952080776740174
3906368264045418319
4849251105754919730
4848496931444706911
6137937154429776445
6003391762715723348
6000293747442729300
7597138527587879251
7021802807944624760
3417510164029076579
8444096969272812149
8299417722923807600
3544172856553468773
4123101745195790384
5431135873977435904
4854677324891838789
17253877146734159
6144122985370047559
7811882124689229132
7598243468543287610
8388357230724212580
8029123650209131897
4995429871873979748
33336554239376722
5931043137586680652
7222137992930016595
4194033482310106473
3905530384309120620
8086829064643964218
4193752007316880745
3833472790271192947
3691598402819155002
4264966285401668149
7233689409424143155
3475427832575833149
4264966285637401137
7596792129380888883
3692236407271600189
4424631852685605687
7017516635967402035
8375060557449933629
4193471631851732343
3617581496069355375
3763662606812083002
4265243362667608628
8241996534690492979
3042798594348363837
4265243362701308974
7165896808004727091
3042798594348363837
4265243362433589550
8818457286993916211
3042798594348363837
4265243362281942062
3781453782663704883
3042798594348363837
4265243362400562222
7888736642825597235
4193189057379974497
3544400502755438122
8679613140749595451
4193189057379974522
3544400455745678890
3995869528284279611
4193189057379974522
3544400459755826730
4429903942372111163
3326535257753858352
4193189057379974490
4265243362701094442
4429966631446917427
3326535257753858352
3691598402819879532
3476069092449466929
7795214434446818097
3545242414119481210
3544400502952176186
8818661779244659515
4193189057379974450
4265243362700963370
8818738761970626867
3042798594348363837
3544400193751512110
8823728328825451323
3042798594348363837
4265243362298520622
7885928490128257331
3042798594348363837
4265243362566695470
8241999833225376051
3042798594348363837
4265243362566694190
8241995435178864947
3042798594348363837
4265243362566697518
8821532621016805683
3042798594348363837
4265243362348720430
8029770999320424755
3042798594348363837
3544400455460217646
8806558355246101307
3042798594348363837
3691598402819879470
4423204862635424305
3326535257753858352
3691598402818633834
7450484759897717301
3042802992394874941
4265243362365892398
8101239255125865779
3042802992394874941
4265243362482876462
7883393016314606899
3042802992394874941
4265243362483793966
7018706285905982771
3042802992394874941
4265243362482878510
7885935087198025011
3042802992394874941
4265243362365895726
7379557206049043763
4194314957286817126
3544400421184351786
8535216477697291067
4194314957286817127
3476069072187371050
7867272028551854897
3833472790271190894
3476066855879060026
7867272028551854897
3833472790271194735
3476048219965631034
7867272028551854897
3691598402818631024
4428782728072804917
3326535274933727536
3691598402819615597
7881973860401822261
3042802992394874941
4265243362483203886
3778640132408227123
3042802992394874941
4265243362630855982
3778640132408227123
4194314957286817142
3544400399726685738
8390538339668013883
3042802992394874941
4265243362635116078
8533607909097616691
3042802992394874941
4265243362366546222
4426319551377585459
3326535274933727536
4265243362299637106
7164213455702603059
3042802992394874941
4265243362417074478
7596559019930170675
3042802992394874941
4265243362634524206
4426025981772969267
3326535274933727536
3833472790271192164
3476047064803977786
8659905562969062193
3833472790271190135
3476064734316210746
7146696088172575537
3833472790271192423
3476047107434883642
8011387216627710769
3833472790271194727
3476066873042151994
7002580900096719665
3905530380014150497
3472342887053535802
7810981362620838715
3905530380014150497
3476041365197826618
7867272028568632112
3905530380014150761
4425178512834308666
3326535279228694576
3691597303306611565
4409992074354113078
3326535279228694576
3691597303306743917
4424618886128351798
3326535279228694576
3905530380014150002
3476064648383310394
8011387216644487984
3905530380014149991
4428011984397412922
3326535279228694576
3691597303308120179
7381526749268032054
16385142313463869
5784113157079253836
6878529613359632200
4047968968096240978
4990906760107938048
6073469450014249811
6865531301700648281
6867513658135758163
8245861382991659344
7306075981887188839
7585239832351501171
7953723600633884787
8315143750257305441
4924686400540862835
5791440285134446407
7454142581933888577
8315162673665959471
8316253157456835691
7020655854493985904
8386095389093291367
6143296130950299696
4416697867547134036
7310315466729550383
7723444869488783218
8299966362180286821
6143268630017632371
5211862482226992204
7526411570876067645
7957688361414914657
8463511050178080614
8389209267074589742
4924686641158778926
5136714152143970119
7291113749808235615
8660254289667515252
8389772221570967396
8299978478479948405
8318277358179213672
7450211828790092148
7239588505199128378
5716276648056455271
5713189219406667600
8463511050178084174
7507286484710412288
8028617933832154479
7507283349738762102
8028617933832154479
7809632559044636534
8319607814643868207
3417213296966381426
8319607814643868275
3417213296966381426
8247064188349737314
8444032072231842607
3403153867329729139
7593683849707086451
7435287350024813166
8319607814727495009
3417213296966381426
7507283371147223399
8028617933832154479
4048227452368596854
7074928752255250478
8097875045981515369
6869204393941099055
5500377627294125385
5836792065071594821
5498999879144398676
5211875684687172673
7885926510467829061
15046203208461925
6074869106960450380
5713190241574667849
3338665268710882638
4924686433807389781
5713189219406667591
8664157469529104206
3403952035156996401
7737598879271317352
8388925609680533103
-3420534890461958033
3436476016467497141
8390891540415794259
8102650230335941992
4778119095443092581
8299401209009039165
6341189700127257445
5928225050728877901
7091266628398103891
6863862145503753077
8027718275990114120
8534157885279528301
3330462714230499887
5640477273979182896
5933850174060580175
4414734144274648649
7954831693284723712
3262387704902669663
4705240496157950008
6004810605917980494
5716265588666486016
4415872074134804818
7018986666877744431
7380959312030426482
3347709915784443183
8245937404384272749
5476491995942760057
5932739623931174723
8462894082082295109
3262387704902799967
6505819429685887032
6865536723259966303
4415018887302566480
5260333507698582133
5136714152143970125
3548068305317679199
6004218952295925504
7959376172126457673
5283658345046111604
7439178370884324943
8315178925821882222
5428041518066657651
4993459838723645234
7020111699268025683
7812741990666415481
6218424706818793826
4993734732483214668
8732309723189620541
5135326234119465825
7310254052234056543
5138116019552810081
6876544994871034197
4993734759440995157
5786936728690705503
5642809480346686303
8316293035369711967
8246202398649051437
6125005880130888549
5287037199816348496
4415009013089194830
6075990677707052288
4418968354528052575
2334102057694360691
7453010382200861811
6000293747223713792
6000277254667454803
8458451956356043851
5640564246148641902
8028617934064930113
6007612053584609398
4782627431730336581
4995129996652532565
4213233374539371347
8386654075301880417
